PATCHED engine: 30511 bars, 129 days; profiling 55
  0   219   1098 |    36    7   29 |      90 |   20    17     7     6
  1   284    837 |    56    7   49 |     217 |   25    34     2     5
  2   275    847 |    75    7   68 |     303 |   18    50     2     8
  3     8    720 |    75    7   68 |     306 |   24    50     3     7
  4   284    697 |    96    7   89 |     424 |   23    66     0    11
  5   283    738 |   115    7  108 |     526 |   18    85     4    14
  6   284    653 |   137    8  129 |     632 |   24   101     8    13
  7   284    335 |   165    7  158 |     768 |   16   119     1    18
  8   275    328 |   179    6  173 |     882 |   26   132     0    18
  9     8    322 |   179    6  173 |     884 |   22   132     1    18
 10   284    332 |   193    7  186 |     992 |   13   145     0    19
 11   284    244 |   211    5  206 |    1098 |   24   162     2    20
 12   284    242 |   227    7  220 |    1209 |   16   177     0    21
 13   284    231 |   245    8  237 |    1329 |   14   194     2    22
 14   276    315 |   260    7  253 |    1427 |   16   208     1    22
 15     8    210 |   261    7  254 |    1431 |   19   209     2    22
 16   284    278 |   274    6  268 |    1554 |   16   221     1    24
 17   284    215 |   291    8  283 |    1674 |   18   237     3    25
 18   284    225 |   305    6  299 |    1805 |   21   250     1    27
 19   283    213 |   327    5  322 |    1916 |   22   268     6    30
 20   275    232 |   344    5  339 |    2019 |   23   283     0    29
 21     7    225 |   345    6  339 |    2021 |   22   284     1    29
 22   284    211 |   361    6  355 |    2135 |   16   299     0    31
 23   284    188 |   378    7  371 |    2250 |   19   315     4    31
 24   284    180 |   394    6  388 |    2365 |   19   330     2    33
 25   284    177 |   412    5  407 |    2472 |   18   346     0    34
 26   275    191 |   428    6  422 |    2577 |   21   361     1    35
 27     8    162 |   428    6  422 |    2580 |   20   361     2    33
 28   284    195 |   445    5  440 |    2702 |   19   377     2    36
 29   284    207 |   462    6  456 |    2818 |   26   393     2    38
 30   284    168 |   478    5  473 |    2946 |   24   408     2    40
 31   284    159 |   497    7  490 |    3064 |   21   426     1    39
 32   275    150 |   515    6  509 |    3175 |   13   443     3    40
 33     8    152 |   516    7  509 |    3179 |   12   444     6    40
 34   284    146 |   536    7  529 |    3293 |   16   460     1    43
 35   284    135 |   553    5  548 |    3408 |   25   476     2    46
 36   284    136 |   569    6  563 |    3512 |   15   491     2    46
 37   284    131 |   586    6  580 |    3614 |   24   507     0    47
 38   275    127 |   601    7  594 |    3719 |   22   521     1    47
 39     8     75 |   603    7  596 |    3723 |   22   523     5    48
 40   284    101 |   620    6  614 |    3828 |   24   539     2    49
 41   284    101 |   638    6  632 |    3931 |   14   556     2    50
 42   284    106 |   653    5  648 |    4046 |   22   571     0    50
 43   284    117 |   670    6  664 |    4155 |   21   587     2    52
 44   273    121 |   685    7  678 |    4250 |   19   601     2    53
 45     8    137 |   685    7  678 |    4253 |   19   601     3    52
 46   284    104 |   701    6  695 |    4360 |   18   616     1    53
 47   283    112 |   716    7  709 |    4460 |   17   630     2    54
 48   284     92 |   731    6  725 |    4580 |   16   644     1    56
 49   284     95 |   747    6  741 |    4696 |   18   659     2    57
 50   275    118 |   763    5  758 |    4791 |   27   675     0    56
 51     8    140 |   764    6  758 |    4792 |   21   676     1    56
 52   284    102 |   781    7  774 |    4891 |   17   692     1    57
 53   284    115 |   797    5  792 |    4993 |   15   707     1    58
 54   283    104 |   815    7  808 |    5096 |   17   724     3    61
